world: CityBuild
x: -11.365181941029084
y: 64.0
z: 236.4105966706436
yaw: 38.100025
pitch: 53.099987
name: citybuild
