world: gamesworld
x: 311.48302461500157
y: 7.0
z: 1211.5754295608724
yaw: 314.87158
pitch: 24.89999
name: creative
