world: zombie_games
x: -654.5979571558482
y: 7.5
z: -579.4856244626983
yaw: 240.6001
pitch: 17.700003
name: mansion
