world: parkcore
x: -599.5
y: 250.0
z: -2010.5
yaw: -32.250416
pitch: 23.850008
name: parkcore
