world: gamesworld
x: -73.40617370298426
y: 5.0
z: 1459.4373816748648
yaw: 359.42102
pitch: -23.849995
name: roombuild
