world: TNTtesting
x: 200.5
y: 64.0
z: 253.5
yaw: -0.15000007
pitch: -4.8000035
name: TNT
