world: survival
x: -403.5790215819499
y: 72.0
z: 358.427159604299
yaw: 154.50714
pitch: 58.20003
name: towny72
