world: StationWorld
x: -584.4669767503469
y: 4.0
z: 260.38812991430905
yaw: 88.05
pitch: 33.6
name: tutorial
