world: zombie_games
x: -533.3244073633691
y: 4.0
z: -600.0245413188475
yaw: 265.35
pitch: 18.00002
name: zombieG
